0322689781
0323346275
0324025037
0329587058
0331263401
0333411065
0336272693
0336946992
0337760806
0339087273
0343173275
0344760527
0347530482
0347532411
0348557146
0351605931
0351829510
0353096490
0360669256
0360996679
0361257948
0364765391
0371769664
0375389033
0375752667
0375793285
0379320563
0379952832
0380876071
0381958711
0382376583
0387536185
0387983090
0388780494
0389616638
0390228277
0392496286
0394978554
0395040632
0396751843
0398642379
0563331607
0567997222
0569783000
0569885394
0581217906
0583016291
0585530435
0593324602
0594967293
0596598214
0598909408
0700249219
0701167534
0706215570
0706266119
0707690995
0763724515
0767083501
0770209836
0772001221
0772523175
0776677788
0777716618
0778537767
0780850682
0783702190
0783901908
0785081029
0787732600
0789147476
0791829095
0794952863
0799488896
0799897868
0810228069
0811162026
0812212389
0822103162
0824236894
0826292144
0833834412
0834701860
0837089975
0837438546
0838929836
0840600620
0844164665
0845461736
0847925354
0849239784
0852806692
0854109179
0854500467
0856151565
0859132360
0859761819
0860607711
0867449127
0868276901
